FocalLengthX = 2632.0428716553233
FocalLengthY = 2632.0428716553233
PrincipalPointX = 1929.3723841951755
PrincipalPointY = 1088.3200986363083
Skew = 0.00000000000000000000
TranslationX = 6.873290673789793
TranslationY = 0.3300942808094305
TranslationZ = 2.1576026029138093
RotationX = -0.4422582593432072
RotationY = -0.6074975608824126
RotationZ = 0.5332311125085478
RotationW = 0.3886115363927482
DistortionK1 = 0.4183452637400598
DistortionK2 = 0.31807541356229196
DistortionK3 = 0.16008888670031238
DistortionP1 = 0.0
DistortionP2 = 0.0
DistortionK1Classic = -0.4175911451107211
DistortionK2Classic = 0.21665583106755026
DistortionK3Classic = -0.05892152773822005
DistortionP1Classic = 0.0
DistortionP2Classic = 0.0
