FocalLengthX = 3118.6057376446306
FocalLengthY = 3105.8558814193834
PrincipalPointX = 1305.4937203579752
PrincipalPointY = 697.8571792661314
Skew = 0.00000000000000000000
TranslationX = -0.5869028578013628
TranslationY = -16.99935753353733
TranslationZ = 2.7432
RotationX = -0.7545494447837451
RotationY = -0.03439166962044668
RotationZ = -0.04628936421363972
RotationW = 0.6537045534474708
DistortionK1 = 0.5624950361012873
DistortionK2 = 1.0776898670195132
DistortionK3 = -2.3066412500606743
DistortionP1 = 0.0009488949329602728
DistortionP2 = 6.507319312519588e-05
DistortionK1Classic = -0.5828519962655523
DistortionK2Classic = 0.4054131974493334
DistortionK3Classic = 0.13687103187138422
DistortionP1Classic = 2.3613557617619037e-05
DistortionP2Classic = -0.000916464918969895
