FocalLengthX = 2696.35888671875
FocalLengthY = 2696.35888671875
PrincipalPointX = 959.5
PrincipalPointY = 539.5
Skew = 0.00000000000000000000
TranslationX = -9.039861434142226
TranslationY = -4.998671629151397
TranslationZ = 7.844231177636028
RotationX = -0.6972491791820863
RotationY = 0.4302962446956385
RotationZ = -0.28876888503799525
RotationW = 0.4952789668102726
DistortionK1 = 0.6731285019676011
DistortionK2 = -6.312560115072421
DistortionK3 = 8.371759584216942
DistortionP1 = -0.00043204627482856285
DistortionP2 = 0.0005245713257645627
DistortionK1Classic = -0.6015060544013977
DistortionK2Classic = 4.702037334442139
DistortionK3Classic = 0.0
DistortionP1Classic = -0.0004745212208945304
DistortionP2Classic = -0.007822898216545582
