FocalLengthX = 1590.9184516186433
FocalLengthY = 1588.2810032584928
PrincipalPointX = 959.9564581159217
PrincipalPointY = 518.9490034889718
Skew = 0.00000000000000000000
TranslationX = 6.877782852043384
TranslationY = 0.42078309268271674
TranslationZ = 2.1209
RotationX = -0.434130073519778
RotationY = -0.6481064196366264
RotationZ = 0.5278433530698698
RotationW = 0.3359621149943279
DistortionK1 = 0.724615213898065
DistortionK2 = -0.6889110544371145
DistortionK3 = 3.0996597006516153
DistortionP1 = 0.0018783848549985003
DistortionP2 = -0.0042602352003612495
DistortionK1Classic = -0.6010765286035967
DistortionK2Classic = 0.547793633810459
DistortionK3Classic = -0.31851055225980984
DistortionP1Classic = -0.003072479759524169
DistortionP2Classic = 0.0008355685971902676
