FocalLengthX = 2638.31630715499
FocalLengthY = 2638.31630715499
PrincipalPointX = 1927.289514319316
PrincipalPointY = 1058.7588877673234
Skew = 0.00000000000000000000
TranslationX = -0.5799197124455031
TranslationY = -16.987342393923615
TranslationZ = 2.703505076800145
RotationX = -0.8086436532707031
RotationY = 0.004949554798712633
RotationZ = -0.031277114186938376
RotationW = 0.5874459005393114
DistortionK1 = 0.4191151054932396
DistortionK2 = 0.3253056622126814
DistortionK3 = 0.16828195339182095
DistortionP1 = 0.0
DistortionP2 = 0.0
DistortionK1Classic = -0.4190223447292958
DistortionK2Classic = 0.21628689773351303
DistortionK3Classic = -0.05835551342916905
DistortionP1Classic = 0.0
DistortionP2Classic = 0.0
